1481 1.481
0.185 0.24 0.15 0.3 0.132 0.232 
0.186 0.24 0.151 0.3 0.132 0.233 
0.186 0.241 0.151 0.301 0.131 0.234 
0.187 0.241 0.152 0.301 0.131 0.234 
0.187 0.242 0.152 0.302 0.131 0.236 
0.188 0.242 0.153 0.302 0.131 0.236 
0.188 0.243 0.153 0.303 0.13 0.237 
0.189 0.243 0.154 0.303 0.13 0.238 
0.189 0.244 0.155 0.304 0.13 0.239 
0.19 0.244 0.156 0.304 0.13 0.239 
0.19 0.245 0.156 0.305 0.129 0.241 
0.191 0.245 0.157 0.305 0.129 0.241 
0.191 0.246 0.157 0.306 0.129 0.242 
0.192 0.246 0.158 0.306 0.129 0.243 
0.192 0.247 0.158 0.308 0.128 0.244 
0.193 0.247 0.159 0.308 0.128 0.245 
0.193 0.248 0.159 0.309 0.128 0.246 
0.194 0.248 0.16 0.309 0.128 0.247 
0.194 0.249 0.16 0.31 0.127 0.248 
0.195 0.249 0.161 0.31 0.127 0.248 
0.195 0.25 0.161 0.311 0.127 0.25 
0.196 0.25 0.162 0.311 0.127 0.25 
0.196 0.251 0.162 0.312 0.126 0.252 
0.197 0.251 0.164 0.312 0.127 0.252 
0.197 0.252 0.164 0.313 0.126 0.254 
0.198 0.252 0.165 0.313 0.126 0.254 
0.198 0.253 0.165 0.314 0.126 0.256 
0.199 0.253 0.166 0.314 0.126 0.257 
0.199 0.254 0.166 0.315 0.125 0.258 
0.2 0.254 0.167 0.315 0.126 0.259 
0.2 0.255 0.167 0.316 0.125 0.26 
0.201 0.255 0.168 0.316 0.125 0.261 
0.201 0.256 0.168 0.317 0.125 0.262 
0.202 0.256 0.169 0.317 0.125 0.263 
0.202 0.257 0.169 0.318 0.124 0.265 
0.203 0.257 0.17 0.318 0.125 0.265 
0.203 0.258 0.17 0.319 0.124 0.267 
0.204 0.258 0.171 0.319 0.125 0.267 
0.204 0.259 0.172 0.32 0.124 0.269 
0.205 0.259 0.173 0.32 0.124 0.27 
0.205 0.26 0.173 0.321 0.124 0.271 
0.206 0.26 0.174 0.322 0.124 0.272 
0.206 0.261 0.174 0.323 0.124 0.274 
0.207 0.261 0.175 0.323 0.124 0.274 
0.207 0.262 0.175 0.324 0.124 0.276 
0.208 0.262 0.176 0.324 0.124 0.277 
0.208 0.263 0.176 0.325 0.124 0.278 
0.209 0.263 0.177 0.325 0.124 0.279 
0.209 0.264 0.177 0.326 0.124 0.281 
0.21 0.264 0.178 0.326 0.124 0.282 
0.21 0.265 0.178 0.327 0.124 0.283 
0.211 0.265 0.179 0.327 0.124 0.284 
0.211 0.266 0.179 0.328 0.124 0.286 
0.212 0.266 0.181 0.328 0.124 0.286 
0.212 0.267 0.181 0.329 0.124 0.288 
0.213 0.267 0.182 0.329 0.124 0.289 
0.213 0.268 0.182 0.33 0.124 0.291 
0.214 0.268 0.183 0.33 0.124 0.292 
0.214 0.269 0.183 0.331 0.124 0.293 
0.215 0.269 0.184 0.331 0.125 0.294 
0.215 0.27 0.184 0.332 0.124 0.296 
0.216 0.27 0.185 0.332 0.125 0.297 
0.216 0.271 0.185 0.333 0.124 0.299 
0.217 0.271 0.186 0.333 0.125 0.299 
0.217 0.272 0.186 0.334 0.125 0.301 
0.218 0.272 0.187 0.334 0.125 0.302 
0.218 0.273 0.187 0.335 0.125 0.304 
0.219 0.273 0.189 0.335 0.126 0.305 
0.219 0.274 0.189 0.336 0.125 0.306 
0.22 0.274 0.19 0.336 0.126 0.307 
0.22 0.275 0.19 0.338 0.126 0.309 
0.221 0.275 0.191 0.338 0.126 0.31 
0.221 0.276 0.191 0.339 0.126 0.312 
0.222 0.276 0.192 0.339 0.127 0.313 
0.222 0.277 0.192 0.34 0.127 0.315 
0.223 0.277 0.193 0.34 0.127 0.315 
0.223 0.278 0.193 0.341 0.127 0.317 
0.224 0.278 0.194 0.341 0.128 0.318 
0.224 0.279 0.194 0.342 0.128 0.32 
0.225 0.279 0.195 0.342 0.129 0.321 
0.225 0.28 0.195 0.343 0.128 0.323 
0.226 0.28 0.196 0.343 0.129 0.324 
0.226 0.281 0.197 0.344 0.129 0.326 
0.227 0.281 0.198 0.344 0.13 0.326 
0.227 0.282 0.198 0.345 0.13 0.328 
0.228 0.282 0.199 0.345 0.131 0.329 
0.228 0.283 0.199 0.346 0.13 0.331 
0.229 0.283 0.2 0.346 0.131 0.332 
0.229 0.283 0.2 0.346 0.131 0.333 
0.23 0.283 0.201 0.346 0.132 0.334 
0.23 0.283 0.201 0.346 0.132 0.335 
0.231 0.283 0.202 0.346 0.133 0.336 
0.231 0.283 0.202 0.346 0.133 0.337 
0.232 0.283 0.203 0.346 0.134 0.338 
0.232 0.283 0.203 0.346 0.134 0.338 
0.233 0.283 0.204 0.346 0.135 0.339 
0.233 0.283 0.205 0.346 0.135 0.34 
0.234 0.283 0.206 0.346 0.136 0.341 
0.234 0.283 0.206 0.346 0.136 0.342 
0.235 0.283 0.207 0.346 0.137 0.343 
0.235 0.283 0.207 0.346 0.137 0.344 
0.236 0.283 0.208 0.347 0.138 0.345 
0.236 0.283 0.208 0.347 0.138 0.346 
0.237 0.283 0.209 0.347 0.139 0.347 
0.237 0.283 0.209 0.347 0.139 0.348 
0.238 0.283 0.21 0.347 0.14 0.349 
0.238 0.283 0.21 0.347 0.14 0.349 
0.239 0.283 0.211 0.347 0.141 0.35 
0.239 0.283 0.211 0.347 0.142 0.351 
0.24 0.283 0.212 0.347 0.143 0.352 
0.24 0.283 0.213 0.347 0.143 0.353 
0.241 0.283 0.214 0.347 0.144 0.354 
0.241 0.283 0.214 0.347 0.144 0.355 
0.242 0.283 0.215 0.347 0.145 0.356 
0.242 0.283 0.215 0.347 0.146 0.357 
0.243 0.283 0.216 0.347 0.147 0.358 
0.243 0.283 0.216 0.347 0.147 0.359 
0.244 0.283 0.217 0.347 0.148 0.36 
0.244 0.283 0.217 0.347 0.148 0.36 
0.245 0.283 0.218 0.347 0.15 0.361 
0.245 0.283 0.218 0.347 0.15 0.362 
0.246 0.283 0.219 0.347 0.151 0.363 
0.246 0.283 0.219 0.347 0.151 0.364 
0.247 0.283 0.22 0.347 0.153 0.365 
0.247 0.283 0.221 0.347 0.153 0.366 
0.248 0.283 0.222 0.347 0.154 0.367 
0.248 0.283 0.222 0.347 0.155 0.368 
0.249 0.283 0.223 0.347 0.156 0.368 
0.249 0.283 0.223 0.347 0.156 0.369 
0.25 0.283 0.224 0.347 0.158 0.37 
0.25 0.283 0.224 0.347 0.158 0.371 
0.251 0.283 0.225 0.347 0.159 0.372 
0.251 0.283 0.225 0.347 0.16 0.373 
0.252 0.283 0.226 0.347 0.161 0.374 
0.252 0.283 0.226 0.347 0.162 0.375 
0.253 0.283 0.227 0.348 0.163 0.375 
0.253 0.283 0.227 0.348 0.163 0.376 
0.254 0.283 0.228 0.348 0.165 0.377 
0.254 0.283 0.229 0.348 0.165 0.378 
0.255 0.283 0.23 0.348 0.167 0.379 
0.255 0.283 0.23 0.348 0.167 0.38 
0.256 0.283 0.231 0.348 0.169 0.38 
0.256 0.283 0.231 0.348 0.169 0.381 
0.257 0.283 0.232 0.348 0.171 0.382 
0.257 0.283 0.232 0.348 0.171 0.383 
0.258 0.283 0.233 0.348 0.173 0.384 
0.258 0.283 0.233 0.348 0.173 0.384 
0.259 0.283 0.234 0.348 0.175 0.385 
0.259 0.283 0.234 0.348 0.175 0.386 
0.26 0.283 0.235 0.348 0.177 0.387 
0.26 0.283 0.235 0.348 0.178 0.387 
0.261 0.283 0.236 0.348 0.179 0.388 
0.261 0.283 0.237 0.348 0.18 0.389 
0.262 0.283 0.238 0.348 0.181 0.39 
0.262 0.283 0.238 0.348 0.182 0.39 
0.263 0.283 0.239 0.348 0.184 0.391 
0.263 0.283 0.239 0.348 0.184 0.392 
0.264 0.283 0.24 0.348 0.186 0.393 
0.264 0.283 0.24 0.348 0.186 0.393 
0.265 0.283 0.241 0.348 0.188 0.394 
0.265 0.283 0.241 0.348 0.189 0.395 
0.266 0.283 0.242 0.348 0.19 0.395 
0.266 0.283 0.242 0.348 0.191 0.396 
0.267 0.283 0.243 0.348 0.193 0.397 
0.267 0.283 0.243 0.348 0.193 0.397 
0.268 0.283 0.244 0.348 0.195 0.398 
0.268 0.283 0.245 0.348 0.196 0.399 
0.269 0.283 0.246 0.348 0.198 0.399 
0.269 0.283 0.246 0.348 0.198 0.4 
0.27 0.283 0.247 0.348 0.2 0.401 
0.27 0.283 0.247 0.348 0.201 0.401 
0.271 0.283 0.248 0.348 0.203 0.402 
0.271 0.283 0.248 0.349 0.203 0.402 
0.272 0.283 0.249 0.349 0.205 0.403 
0.272 0.283 0.249 0.349 0.206 0.404 
0.273 0.283 0.25 0.349 0.208 0.404 
0.273 0.283 0.25 0.349 0.208 0.405 
0.274 0.283 0.251 0.349 0.21 0.405 
0.274 0.283 0.251 0.349 0.211 0.406 
0.275 0.283 0.252 0.349 0.213 0.406 
0.275 0.283 0.252 0.352 0.194 0.308 
0.276 0.283 0.253 0.352 0.195 0.309 
0.276 0.284 0.253 0.353 0.195 0.311 
0.277 0.284 0.254 0.353 0.196 0.311 
0.277 0.285 0.255 0.355 0.196 0.313 
0.278 0.285 0.256 0.355 0.197 0.314 
0.278 0.286 0.257 0.356 0.197 0.315 
0.279 0.286 0.258 0.356 0.198 0.316 
0.279 0.287 0.258 0.357 0.198 0.318 
0.28 0.287 0.26 0.357 0.199 0.318 
0.28 0.288 0.26 0.358 0.199 0.32 
0.281 0.288 0.262 0.358 0.2 0.321 
0.281 0.289 0.262 0.36 0.2 0.322 
0.282 0.289 0.263 0.36 0.201 0.323 
0.282 0.29 0.264 0.361 0.202 0.325 
0.283 0.29 0.265 0.361 0.203 0.325 
0.283 0.291 0.266 0.362 0.203 0.327 
0.284 0.291 0.267 0.362 0.204 0.328 
0.284 0.292 0.267 0.363 0.204 0.329 
0.285 0.292 0.269 0.363 0.205 0.33 
0.285 0.293 0.269 0.364 0.205 0.332 
0.286 0.293 0.271 0.364 0.206 0.332 
0.286 0.294 0.271 0.365 0.206 0.334 
0.287 0.294 0.273 0.366 0.207 0.335 
0.287 0.295 0.273 0.367 0.208 0.336 
0.288 0.295 0.274 0.367 0.209 0.337 
0.288 0.296 0.275 0.368 0.209 0.339 
0.289 0.296 0.276 0.368 0.21 0.339 
0.289 0.297 0.277 0.369 0.21 0.341 
0.29 0.297 0.278 0.369 0.211 0.342 
0.29 0.298 0.278 0.37 0.211 0.343 
0.291 0.298 0.28 0.37 0.213 0.344 
0.291 0.299 0.28 0.371 0.213 0.346 
0.292 0.299 0.282 0.371 0.214 0.347 
0.292 0.3 0.282 0.372 0.214 0.348 
0.293 0.3 0.283 0.372 0.215 0.349 
0.293 0.301 0.284 0.373 0.216 0.351 
0.294 0.301 0.285 0.373 0.217 0.351 
0.294 0.302 0.286 0.375 0.217 0.353 
0.295 0.302 0.287 0.375 0.218 0.354 
0.295 0.303 0.288 0.376 0.218 0.355 
0.296 0.303 0.289 0.376 0.22 0.356 
0.296 0.304 0.289 0.377 0.22 0.358 
0.297 0.304 0.291 0.377 0.221 0.358 
0.297 0.305 0.291 0.378 0.221 0.36 
0.298 0.305 0.293 0.378 0.223 0.361 
0.298 0.306 0.293 0.379 0.223 0.362 
0.299 0.306 0.294 0.379 0.224 0.363 
0.299 0.307 0.295 0.38 0.224 0.365 
0.3 0.307 0.296 0.38 0.226 0.365 
0.3 0.308 0.297 0.381 0.226 0.367 
0.301 0.308 0.298 0.381 0.227 0.368 
0.301 0.309 0.299 0.382 0.228 0.369 
0.302 0.309 0.3 0.382 0.229 0.37 
0.302 0.31 0.3 0.383 0.229 0.372 
0.303 0.31 0.302 0.383 0.231 0.372 
0.303 0.311 0.302 0.384 0.231 0.374 
0.304 0.311 0.304 0.384 0.232 0.375 
0.304 0.312 0.304 0.385 0.233 0.376 
0.305 0.312 0.305 0.385 0.234 0.377 
0.305 0.313 0.306 0.386 0.234 0.378 
0.306 0.313 0.307 0.386 0.236 0.379 
0.306 0.314 0.308 0.387 0.236 0.381 
0.307 0.314 0.309 0.387 0.237 0.381 
0.307 0.315 0.309 0.388 0.238 0.383 
0.308 0.315 0.311 0.388 0.239 0.384 
0.308 0.316 0.311 0.389 0.239 0.385 
0.309 0.316 0.313 0.389 0.241 0.386 
0.309 0.317 0.313 0.39 0.241 0.388 
0.31 0.317 0.315 0.39 0.243 0.388 
0.31 0.318 0.315 0.391 0.243 0.39 
0.311 0.318 0.316 0.391 0.244 0.39 
0.311 0.319 0.317 0.392 0.245 0.392 
0.312 0.319 0.318 0.392 0.246 0.393 
0.312 0.32 0.319 0.393 0.247 0.394 
0.313 0.32 0.32 0.393 0.248 0.395 
0.313 0.321 0.32 0.394 0.249 0.397 
0.314 0.321 0.322 0.394 0.25 0.397 
0.314 0.322 0.322 0.395 0.25 0.399 
0.315 0.322 0.324 0.394 0.252 0.399 
0.315 0.323 0.324 0.395 0.252 0.401 
0.316 0.323 0.326 0.395 0.254 0.402 
0.316 0.324 0.326 0.396 0.254 0.403 
0.317 0.324 0.327 0.396 0.256 0.404 
0.317 0.325 0.328 0.397 0.256 0.405 
0.318 0.325 0.329 0.397 0.258 0.406 
0.318 0.326 0.33 0.398 0.258 0.408 
0.319 0.326 0.331 0.398 0.26 0.408 
0.319 0.327 0.331 0.399 0.26 0.41 
0.32 0.327 0.333 0.399 0.262 0.41 
0.32 0.328 0.333 0.4 0.262 0.412 
0.321 0.328 0.335 0.4 0.264 0.412 
0.321 0.329 0.335 0.401 0.264 0.414 
0.322 0.329 0.336 0.401 0.266 0.415 
0.322 0.33 0.337 0.401 0.266 0.416 
0.323 0.33 0.338 0.401 0.268 0.417 
0.323 0.331 0.339 0.402 0.268 0.418 
0.324 0.331 0.34 0.402 0.27 0.419 
0.324 0.332 0.341 0.403 0.271 0.42 
0.325 0.332 0.342 0.403 0.272 0.421 
0.325 0.333 0.342 0.404 0.273 0.422 
0.326 0.333 0.344 0.404 0.274 0.423 
0.326 0.334 0.344 0.405 0.275 0.424 
0.327 0.334 0.346 0.405 0.276 0.425 
0.327 0.335 0.346 0.406 0.277 0.426 
0.328 0.335 0.347 0.405 0.279 0.427 
0.328 0.336 0.348 0.406 0.279 0.429 
0.329 0.336 0.349 0.406 0.281 0.429 
0.329 0.337 0.35 0.407 0.281 0.431 
0.33 0.337 0.351 0.407 0.283 0.431 
0.33 0.338 0.351 0.408 0.284 0.433 
0.331 0.338 0.353 0.408 0.285 0.433 
0.331 0.339 0.353 0.409 0.286 0.435 
0.332 0.339 0.355 0.408 0.288 0.435 
0.332 0.34 0.355 0.409 0.288 0.436 
0.333 0.34 0.356 0.409 0.29 0.437 
0.333 0.341 0.357 0.41 0.291 0.438 
0.334 0.341 0.358 0.41 0.292 0.439 
0.334 0.342 0.358 0.411 0.293 0.44 
0.335 0.342 0.36 0.411 0.295 0.441 
0.335 0.343 0.36 0.411 0.295 0.442 
0.336 0.343 0.362 0.411 0.297 0.443 
0.336 0.344 0.362 0.412 0.298 0.444 
0.337 0.344 0.363 0.412 0.299 0.445 
0.337 0.345 0.364 0.413 0.3 0.446 
0.338 0.345 0.365 0.413 0.302 0.446 
0.338 0.346 0.366 0.414 0.302 0.448 
0.339 0.346 0.367 0.413 0.304 0.448 
0.339 0.347 0.367 0.414 0.305 0.45 
0.34 0.347 0.369 0.414 0.306 0.45 
0.34 0.348 0.369 0.415 0.307 0.451 
0.341 0.348 0.371 0.415 0.309 0.452 
0.341 0.349 0.371 0.416 0.31 0.453 
0.342 0.349 0.372 0.415 0.311 0.454 
0.342 0.35 0.373 0.416 0.312 0.455 
0.343 0.35 0.374 0.416 0.314 0.455 
0.343 0.351 0.374 0.417 0.314 0.457 
0.344 0.351 0.376 0.417 0.316 0.457 
0.344 0.352 0.376 0.418 0.317 0.459 
0.345 0.352 0.378 0.417 0.319 0.459 
0.345 0.353 0.378 0.418 0.319 0.46 
0.346 0.353 0.379 0.418 0.321 0.461 
0.346 0.354 0.38 0.419 0.322 0.462 
0.347 0.354 0.381 0.419 0.324 0.462 
0.347 0.355 0.381 0.419 0.325 0.464 
0.348 0.355 0.383 0.419 0.326 0.464 
0.348 0.356 0.383 0.42 0.327 0.465 
0.349 0.356 0.384 0.42 0.329 0.465 
0.349 0.357 0.385 0.421 0.33 0.467 
0.35 0.357 0.386 0.42 0.331 0.467 
0.35 0.358 0.387 0.421 0.332 0.468 
0.351 0.358 0.388 0.421 0.334 0.469 
0.351 0.359 0.388 0.422 0.335 0.47 
0.352 0.359 0.39 0.422 0.337 0.47 
0.352 0.36 0.39 0.422 0.337 0.471 
0.353 0.36 0.391 0.422 0.339 0.472 
0.353 0.361 0.392 0.423 0.34 0.473 
0.354 0.361 0.393 0.423 0.342 0.473 
0.354 0.362 0.393 0.423 0.343 0.474 
0.355 0.362 0.395 0.423 0.344 0.475 
0.355 0.363 0.395 0.424 0.345 0.476 
0.356 0.363 0.396 0.424 0.347 0.476 
0.356 0.364 0.397 0.425 0.348 0.477 
0.357 0.364 0.398 0.424 0.35 0.478 
0.357 0.365 0.398 0.425 0.351 0.479 
0.358 0.365 0.4 0.425 0.352 0.479 
0.358 0.366 0.4 0.426 0.353 0.48 
0.359 0.366 0.402 0.425 0.355 0.48 
0.359 0.367 0.402 0.426 0.356 0.482 
0.36 0.367 0.403 0.426 0.358 0.482 
0.36 0.368 0.404 0.427 0.359 0.483 
0.361 0.368 0.405 0.426 0.36 0.483 
0.361 0.369 0.405 0.427 0.361 0.484 
0.362 0.369 0.407 0.427 0.363 0.484 
0.362 0.37 0.407 0.428 0.364 0.485 
0.363 0.37 0.408 0.427 0.366 0.486 
0.363 0.371 0.408 0.428 0.367 0.487 
0.364 0.371 0.41 0.428 0.369 0.487 
0.364 0.372 0.41 0.429 0.369 0.488 
0.365 0.372 0.411 0.428 0.371 0.488 
0.365 0.373 0.412 0.429 0.372 0.489 
0.365 0.373 0.412 0.429 0.373 0.489 
0.365 0.374 0.412 0.43 0.374 0.49 
0.365 0.374 0.413 0.429 0.375 0.49 
0.365 0.375 0.413 0.43 0.376 0.491 
0.365 0.375 0.413 0.43 0.377 0.492 
0.365 0.376 0.414 0.43 0.377 0.493 
0.365 0.376 0.4 0.414 0.347 0.387 
0.366 0.376 0.401 0.415 0.347 0.388 
0.366 0.377 0.401 0.416 0.347 0.389 
0.367 0.377 0.402 0.415 0.348 0.389 
0.367 0.378 0.402 0.416 0.348 0.39 
0.368 0.378 0.403 0.416 0.349 0.391 
0.368 0.379 0.403 0.417 0.349 0.392 
0.369 0.379 0.404 0.417 0.35 0.392 
0.369 0.38 0.404 0.418 0.35 0.393 
0.37 0.38 0.406 0.418 0.351 0.393 
0.37 0.381 0.406 0.419 0.351 0.394 
0.371 0.381 0.407 0.419 0.352 0.395 
0.371 0.382 0.407 0.42 0.352 0.396 
0.372 0.382 0.408 0.42 0.353 0.396 
0.372 0.383 0.408 0.421 0.353 0.397 
0.373 0.383 0.409 0.42 0.354 0.397 
0.373 0.384 0.409 0.421 0.354 0.398 
0.374 0.384 0.41 0.421 0.355 0.399 
0.374 0.385 0.41 0.422 0.355 0.4 
0.375 0.385 0.411 0.422 0.356 0.4 
0.375 0.386 0.412 0.423 0.356 0.401 
0.376 0.386 0.413 0.423 0.357 0.401 
0.376 0.387 0.413 0.424 0.357 0.403 
0.377 0.387 0.414 0.424 0.358 0.403 
0.377 0.388 0.414 0.425 0.358 0.404 
0.378 0.388 0.415 0.424 0.359 0.404 
0.378 0.389 0.415 0.425 0.359 0.405 
0.379 0.389 0.416 0.425 0.36 0.405 
0.379 0.39 0.416 0.426 0.36 0.407 
0.38 0.39 0.417 0.426 0.361 0.407 
0.38 0.391 0.418 0.427 0.361 0.408 
0.381 0.391 0.419 0.427 0.362 0.408 
0.381 0.392 0.419 0.428 0.362 0.409 
0.382 0.392 0.42 0.428 0.363 0.409 
0.382 0.393 0.42 0.429 0.363 0.411 
0.383 0.393 0.421 0.429 0.364 0.411 
0.383 0.394 0.421 0.429 0.364 0.412 
0.384 0.394 0.422 0.429 0.365 0.412 
0.384 0.395 0.422 0.43 0.365 0.413 
0.385 0.395 0.423 0.43 0.366 0.414 
0.385 0.396 0.423 0.431 0.366 0.415 
0.386 0.396 0.424 0.431 0.367 0.415 
0.386 0.397 0.425 0.432 0.367 0.416 
0.387 0.397 0.426 0.432 0.368 0.416 
0.387 0.398 0.426 0.433 0.368 0.417 
0.388 0.398 0.427 0.433 0.369 0.418 
0.388 0.399 0.427 0.433 0.369 0.419 
0.389 0.399 0.428 0.433 0.37 0.419 
0.389 0.4 0.428 0.434 0.37 0.42 
0.39 0.4 0.429 0.434 0.371 0.42 
0.39 0.401 0.429 0.435 0.371 0.422 
0.391 0.401 0.43 0.435 0.372 0.422 
0.391 0.402 0.43 0.436 0.372 0.423 
0.392 0.402 0.432 0.436 0.373 0.423 
0.392 0.403 0.432 0.437 0.373 0.424 
0.393 0.403 0.433 0.437 0.374 0.424 
0.393 0.404 0.433 0.437 0.374 0.426 
0.394 0.404 0.434 0.437 0.375 0.426 
0.394 0.405 0.434 0.438 0.375 0.427 
0.395 0.405 0.435 0.438 0.376 0.427 
0.395 0.406 0.435 0.439 0.376 0.428 
0.396 0.406 0.436 0.439 0.377 0.429 
0.396 0.407 0.436 0.44 0.377 0.43 
0.397 0.407 0.437 0.44 0.378 0.43 
0.397 0.408 0.437 0.441 0.378 0.431 
0.398 0.408 0.439 0.441 0.379 0.431 
0.398 0.409 0.439 0.441 0.379 0.432 
0.399 0.409 0.44 0.441 0.38 0.433 
0.399 0.41 0.44 0.442 0.38 0.434 
0.4 0.41 0.441 0.442 0.381 0.434 
0.4 0.411 0.441 0.443 0.381 0.435 
0.401 0.411 0.442 0.443 0.383 0.435 
0.401 0.412 0.442 0.444 0.383 0.437 
0.402 0.412 0.443 0.444 0.384 0.437 
0.402 0.413 0.443 0.445 0.384 0.438 
0.403 0.413 0.444 0.445 0.385 0.438 
0.403 0.414 0.444 0.445 0.385 0.439 
0.404 0.414 0.446 0.445 0.386 0.439 
0.404 0.414 0.446 0.445 0.386 0.44 
0.405 0.414 0.447 0.445 0.387 0.44 
0.405 0.414 0.447 0.445 0.387 0.44 
0.406 0.414 0.448 0.445 0.388 0.44 
0.406 0.414 0.448 0.445 0.388 0.44 
0.407 0.414 0.449 0.445 0.389 0.441 
0.407 0.414 0.449 0.445 0.389 0.441 
0.408 0.414 0.45 0.444 0.39 0.441 
0.408 0.414 0.45 0.444 0.39 0.441 
0.409 0.414 0.451 0.444 0.391 0.441 
0.409 0.414 0.451 0.444 0.391 0.441 
0.41 0.414 0.452 0.444 0.392 0.442 
0.41 0.414 0.453 0.444 0.393 0.442 
0.411 0.414 0.454 0.444 0.394 0.442 
0.411 0.414 0.454 0.444 0.394 0.442 
0.412 0.414 0.455 0.444 0.395 0.442 
0.412 0.414 0.455 0.444 0.395 0.443 
0.413 0.414 0.456 0.443 0.396 0.443 
0.413 0.414 0.456 0.443 0.396 0.443 
0.414 0.414 0.457 0.443 0.397 0.443 
0.414 0.414 0.457 0.443 0.397 0.443 
0.415 0.414 0.458 0.443 0.398 0.443 
0.415 0.414 0.458 0.443 0.398 0.444 
0.416 0.414 0.459 0.443 0.399 0.444 
0.416 0.414 0.459 0.443 0.399 0.444 
0.417 0.414 0.46 0.443 0.401 0.444 
0.417 0.414 0.461 0.442 0.401 0.444 
0.418 0.414 0.462 0.442 0.402 0.444 
0.418 0.414 0.462 0.442 0.402 0.445 
0.419 0.414 0.463 0.442 0.403 0.445 
0.419 0.414 0.463 0.442 0.403 0.445 
0.42 0.414 0.464 0.442 0.404 0.445 
0.42 0.414 0.464 0.442 0.404 0.445 
0.421 0.414 0.465 0.442 0.405 0.446 
0.421 0.414 0.465 0.442 0.405 0.446 
0.422 0.414 0.466 0.441 0.406 0.446 
0.422 0.414 0.466 0.441 0.406 0.446 
0.423 0.414 0.467 0.441 0.408 0.446 
0.423 0.414 0.467 0.441 0.408 0.446 
0.424 0.414 0.468 0.441 0.409 0.447 
0.424 0.414 0.469 0.441 0.409 0.447 
0.425 0.414 0.47 0.441 0.41 0.447 
0.425 0.414 0.47 0.441 0.41 0.447 
0.426 0.414 0.471 0.441 0.411 0.447 
0.426 0.414 0.471 0.44 0.411 0.447 
0.427 0.414 0.472 0.44 0.412 0.448 
0.427 0.414 0.472 0.44 0.412 0.448 
0.428 0.414 0.473 0.44 0.414 0.448 
0.428 0.414 0.473 0.44 0.414 0.448 
0.429 0.414 0.474 0.44 0.415 0.448 
0.429 0.414 0.474 0.44 0.415 0.448 
0.43 0.414 0.475 0.44 0.416 0.449 
0.43 0.414 0.475 0.439 0.416 0.449 
0.431 0.414 0.476 0.439 0.417 0.449 
0.431 0.414 0.476 0.439 0.417 0.449 
0.432 0.414 0.478 0.439 0.418 0.449 
0.432 0.414 0.478 0.439 0.418 0.449 
0.433 0.414 0.479 0.439 0.42 0.45 
0.433 0.414 0.479 0.439 0.42 0.45 
0.434 0.414 0.48 0.439 0.421 0.45 
0.434 0.414 0.48 0.439 0.421 0.45 
0.435 0.414 0.481 0.438 0.422 0.45 
0.435 0.414 0.481 0.438 0.422 0.45 
0.436 0.414 0.482 0.438 0.423 0.451 
0.436 0.414 0.482 0.438 0.423 0.451 
0.437 0.414 0.483 0.438 0.425 0.451 
0.437 0.414 0.483 0.438 0.425 0.451 
0.438 0.414 0.484 0.438 0.426 0.451 
0.438 0.414 0.484 0.438 0.426 0.451 
0.439 0.414 0.485 0.438 0.427 0.452 
0.439 0.414 0.485 0.437 0.427 0.452 
0.44 0.414 0.486 0.437 0.428 0.452 
0.44 0.414 0.487 0.437 0.428 0.452 
0.441 0.414 0.488 0.437 0.43 0.452 
0.441 0.414 0.488 0.437 0.43 0.452 
0.442 0.414 0.489 0.437 0.431 0.453 
0.442 0.414 0.489 0.437 0.431 0.453 
0.443 0.414 0.49 0.437 0.432 0.453 
0.443 0.414 0.49 0.436 0.432 0.453 
0.444 0.414 0.491 0.436 0.433 0.453 
0.444 0.414 0.491 0.436 0.434 0.453 
0.445 0.414 0.492 0.436 0.435 0.454 
0.445 0.414 0.492 0.436 0.435 0.454 
0.446 0.414 0.493 0.436 0.436 0.454 
0.446 0.414 0.493 0.436 0.436 0.454 
0.447 0.414 0.494 0.436 0.437 0.454 
0.447 0.414 0.494 0.436 0.437 0.454 
0.448 0.414 0.495 0.435 0.439 0.454 
0.448 0.414 0.495 0.435 0.439 0.455 
0.449 0.414 0.497 0.435 0.44 0.455 
0.449 0.414 0.497 0.435 0.44 0.455 
0.45 0.414 0.498 0.435 0.441 0.455 
0.45 0.414 0.498 0.435 0.441 0.455 
0.451 0.414 0.499 0.435 0.442 0.455 
0.451 0.414 0.499 0.435 0.443 0.456 
0.452 0.414 0.5 0.434 0.444 0.456 
0.452 0.414 0.5 0.434 0.444 0.456 
0.453 0.414 0.501 0.434 0.445 0.456 
0.453 0.414 0.501 0.434 0.445 0.456 
0.454 0.414 0.502 0.434 0.446 0.456 
0.454 0.414 0.502 0.434 0.446 0.456 
0.455 0.414 0.503 0.434 0.448 0.457 
0.455 0.414 0.503 0.434 0.448 0.457 
0.456 0.414 0.504 0.433 0.449 0.457 
0.456 0.414 0.504 0.433 0.449 0.457 
0.457 0.414 0.505 0.433 0.45 0.457 
0.457 0.414 0.505 0.433 0.45 0.457 
0.458 0.414 0.506 0.433 0.452 0.457 
0.458 0.414 0.506 0.433 0.452 0.458 
0.459 0.414 0.508 0.433 0.453 0.458 
0.459 0.414 0.508 0.433 0.453 0.458 
0.46 0.414 0.509 0.432 0.454 0.458 
0.46 0.414 0.509 0.432 0.454 0.458 
0.461 0.414 0.51 0.432 0.456 0.458 
0.461 0.414 0.51 0.432 0.456 0.458 
0.462 0.414 0.511 0.432 0.457 0.459 
0.462 0.414 0.511 0.432 0.457 0.459 
0.463 0.414 0.512 0.432 0.458 0.459 
0.463 0.414 0.512 0.432 0.459 0.459 
0.464 0.414 0.513 0.431 0.46 0.459 
0.464 0.414 0.513 0.431 0.46 0.459 
0.465 0.414 0.514 0.431 0.461 0.459 
0.465 0.414 0.514 0.431 0.461 0.459 
0.466 0.414 0.515 0.431 0.462 0.46 
0.466 0.414 0.515 0.431 0.463 0.46 
0.467 0.414 0.516 0.431 0.464 0.46 
0.467 0.414 0.516 0.431 0.464 0.46 
0.468 0.414 0.517 0.43 0.465 0.46 
0.468 0.414 0.517 0.43 0.465 0.46 
0.469 0.414 0.518 0.43 0.466 0.46 
0.469 0.414 0.518 0.43 0.467 0.46 
0.47 0.414 0.519 0.43 0.468 0.461 
0.47 0.414 0.52 0.43 0.468 0.461 
0.471 0.414 0.521 0.43 0.469 0.461 
0.471 0.414 0.521 0.43 0.469 0.461 
0.472 0.414 0.522 0.429 0.471 0.461 
0.472 0.414 0.522 0.429 0.471 0.461 
0.473 0.414 0.523 0.429 0.472 0.461 
0.473 0.414 0.523 0.429 0.472 0.461 
0.474 0.414 0.524 0.429 0.473 0.462 
0.474 0.414 0.524 0.429 0.474 0.462 
0.475 0.414 0.525 0.429 0.475 0.462 
0.475 0.414 0.525 0.429 0.475 0.462 
0.476 0.414 0.526 0.428 0.476 0.462 
0.476 0.414 0.526 0.428 0.476 0.462 
0.477 0.414 0.527 0.428 0.478 0.462 
0.477 0.414 0.527 0.428 0.478 0.462 
0.478 0.414 0.528 0.428 0.479 0.462 
0.478 0.414 0.528 0.428 0.479 0.463 
0.479 0.414 0.529 0.428 0.48 0.463 
0.479 0.414 0.529 0.428 0.481 0.463 
0.48 0.414 0.53 0.427 0.482 0.463 
0.48 0.414 0.53 0.427 0.482 0.463 
0.481 0.414 0.531 0.427 0.483 0.463 
0.481 0.414 0.531 0.427 0.483 0.463 
0.482 0.414 0.532 0.427 0.485 0.463 
0.482 0.414 0.532 0.427 0.485 0.463 
0.483 0.414 0.533 0.427 0.486 0.463 
0.483 0.414 0.533 0.427 0.486 0.464 
0.484 0.414 0.534 0.426 0.487 0.464 
0.484 0.414 0.535 0.426 0.488 0.464 
0.485 0.414 0.536 0.426 0.489 0.464 
0.485 0.414 0.536 0.426 0.489 0.464 
0.486 0.414 0.537 0.426 0.49 0.464 
0.486 0.414 0.537 0.426 0.49 0.464 
0.487 0.414 0.538 0.426 0.492 0.464 
0.487 0.414 0.538 0.426 0.492 0.464 
0.488 0.414 0.539 0.425 0.493 0.464 
0.488 0.414 0.539 0.425 0.493 0.465 
0.489 0.414 0.54 0.425 0.495 0.465 
0.489 0.414 0.54 0.425 0.495 0.465 
0.49 0.414 0.541 0.425 0.496 0.465 
0.49 0.414 0.541 0.425 0.496 0.465 
0.491 0.414 0.542 0.425 0.497 0.465 
0.491 0.414 0.542 0.425 0.498 0.465 
0.492 0.414 0.543 0.424 0.499 0.465 
0.492 0.414 0.543 0.424 0.499 0.465 
0.493 0.414 0.544 0.424 0.5 0.465 
0.493 0.414 0.544 0.424 0.501 0.465 
0.494 0.414 0.545 0.424 0.502 0.465 
0.494 0.414 0.545 0.424 0.502 0.466 
0.495 0.414 0.546 0.424 0.503 0.466 
0.495 0.414 0.563 0.427 0.546 0.481 
0.496 0.414 0.564 0.427 0.547 0.482 
0.496 0.415 0.564 0.428 0.547 0.483 
0.497 0.415 0.565 0.428 0.549 0.483 
0.497 0.416 0.565 0.429 0.549 0.484 
0.498 0.416 0.566 0.43 0.55 0.484 
0.498 0.417 0.566 0.431 0.55 0.485 
0.499 0.417 0.567 0.431 0.551 0.486 
0.499 0.418 0.567 0.432 0.551 0.487 
0.5 0.418 0.568 0.432 0.552 0.487 
0.5 0.419 0.567 0.433 0.552 0.488 
0.501 0.419 0.568 0.433 0.553 0.488 
0.501 0.42 0.568 0.435 0.554 0.49 
0.502 0.42 0.569 0.435 0.555 0.49 
0.502 0.421 0.569 0.436 0.555 0.491 
0.503 0.421 0.57 0.436 0.556 0.491 
0.503 0.422 0.57 0.437 0.556 0.492 
0.504 0.422 0.571 0.437 0.557 0.493 
0.504 0.423 0.571 0.439 0.557 0.494 
0.505 0.423 0.572 0.439 0.558 0.494 
0.505 0.424 0.572 0.44 0.558 0.495 
0.506 0.424 0.573 0.44 0.559 0.495 
0.506 0.425 0.573 0.441 0.56 0.497 
0.507 0.425 0.574 0.441 0.561 0.497 
0.507 0.426 0.574 0.442 0.561 0.498 
0.508 0.426 0.575 0.443 0.562 0.498 
0.508 0.427 0.575 0.444 0.562 0.499 
0.509 0.427 0.576 0.444 0.563 0.499 
0.509 0.428 0.576 0.445 0.563 0.501 
0.51 0.428 0.577 0.445 0.564 0.501 
0.51 0.429 0.577 0.446 0.564 0.502 
0.511 0.429 0.578 0.447 0.565 0.502 
0.511 0.43 0.578 0.448 0.566 0.503 
0.512 0.43 0.579 0.448 0.567 0.504 
0.512 0.431 0.579 0.449 0.567 0.505 
0.513 0.431 0.58 0.449 0.568 0.505 
0.513 0.432 0.58 0.45 0.568 0.506 
0.514 0.432 0.58 0.45 0.569 0.506 
0.514 0.433 0.58 0.452 0.569 0.507 
0.515 0.433 0.581 0.452 0.57 0.508 
0.515 0.434 0.581 0.453 0.57 0.509 
0.516 0.434 0.582 0.453 0.571 0.509 
0.516 0.435 0.582 0.454 0.572 0.51 
0.517 0.435 0.583 0.454 0.573 0.51 
0.517 0.436 0.583 0.455 0.573 0.512 
0.518 0.436 0.584 0.456 0.574 0.512 
0.518 0.437 0.584 0.457 0.574 0.513 
0.519 0.437 0.585 0.457 0.575 0.513 
0.519 0.438 0.585 0.458 0.575 0.514 
0.52 0.438 0.586 0.458 0.576 0.514 
0.52 0.438 0.586 0.458 0.576 0.515 
0.521 0.438 0.587 0.459 0.577 0.515 
0.521 0.438 0.587 0.459 0.578 0.515 
0.522 0.438 0.588 0.459 0.579 0.515 
0.522 0.438 0.588 0.459 0.579 0.515 
0.523 0.438 0.589 0.459 0.58 0.515 
0.523 0.438 0.589 0.459 0.58 0.516 
0.524 0.438 0.59 0.459 0.581 0.516 
0.524 0.438 0.59 0.46 0.581 0.516 
0.525 0.438 0.59 0.46 0.582 0.516 
0.525 0.438 0.59 0.46 0.582 0.516 
0.526 0.438 0.591 0.46 0.583 0.516 
0.526 0.438 0.591 0.46 0.583 0.517 
0.527 0.438 0.592 0.46 0.585 0.517 
0.527 0.438 0.592 0.46 0.585 0.517 
0.528 0.438 0.593 0.461 0.586 0.517 
0.528 0.438 0.593 0.461 0.586 0.517 
0.529 0.438 0.594 0.461 0.587 0.517 
0.529 0.438 0.594 0.461 0.587 0.518 
0.53 0.438 0.595 0.461 0.588 0.518 
0.53 0.438 0.595 0.461 0.588 0.518 
0.531 0.438 0.596 0.462 0.589 0.518 
0.531 0.438 0.596 0.462 0.589 0.518 
0.532 0.438 0.597 0.462 0.59 0.518 
0.532 0.438 0.597 0.462 0.59 0.519 
0.533 0.438 0.598 0.462 0.592 0.519 
0.533 0.438 0.598 0.462 0.592 0.519 
0.534 0.438 0.599 0.462 0.593 0.519 
0.534 0.438 0.598 0.463 0.593 0.519 
0.535 0.438 0.599 0.463 0.594 0.519 
0.535 0.438 0.599 0.463 0.594 0.52 
0.536 0.438 0.6 0.463 0.595 0.52 
0.536 0.438 0.6 0.463 0.595 0.52 
0.537 0.438 0.601 0.463 0.596 0.52 
0.537 0.438 0.601 0.463 0.596 0.52 
0.538 0.438 0.602 0.464 0.597 0.52 
0.538 0.438 0.602 0.464 0.598 0.521 
0.539 0.438 0.603 0.464 0.599 0.521 
0.539 0.438 0.603 0.464 0.599 0.521 
0.54 0.438 0.604 0.464 0.6 0.521 
0.54 0.438 0.604 0.464 0.6 0.521 
0.541 0.438 0.605 0.464 0.601 0.521 
0.541 0.438 0.605 0.465 0.601 0.521 
0.542 0.438 0.606 0.465 0.602 0.522 
0.542 0.438 0.606 0.465 0.602 0.522 
0.543 0.438 0.606 0.465 0.603 0.522 
0.543 0.438 0.606 0.465 0.603 0.522 
0.544 0.438 0.607 0.465 0.604 0.522 
0.544 0.438 0.607 0.465 0.605 0.522 
0.545 0.438 0.608 0.466 0.606 0.523 
0.545 0.438 0.608 0.466 0.606 0.523 
0.546 0.438 0.609 0.466 0.607 0.523 
0.546 0.438 0.609 0.466 0.607 0.523 
0.547 0.438 0.61 0.466 0.608 0.523 
0.547 0.438 0.61 0.466 0.608 0.523 
0.548 0.438 0.611 0.466 0.609 0.523 
0.548 0.438 0.611 0.467 0.609 0.524 
0.549 0.438 0.612 0.467 0.61 0.524 
0.549 0.438 0.612 0.467 0.61 0.524 
0.55 0.438 0.613 0.467 0.611 0.524 
0.55 0.438 0.613 0.467 0.611 0.524 
0.551 0.438 0.613 0.467 0.613 0.524 
0.551 0.438 0.613 0.467 0.613 0.524 
0.552 0.438 0.614 0.468 0.614 0.525 
0.552 0.438 0.614 0.468 0.614 0.525 
0.553 0.438 0.615 0.468 0.615 0.525 
0.553 0.438 0.615 0.468 0.615 0.525 
0.554 0.438 0.616 0.468 0.616 0.525 
0.554 0.438 0.616 0.468 0.616 0.525 
0.555 0.438 0.617 0.468 0.617 0.525 
0.555 0.438 0.617 0.469 0.617 0.526 
0.556 0.438 0.618 0.469 0.618 0.526 
0.556 0.438 0.618 0.469 0.618 0.526 
0.557 0.438 0.619 0.469 0.619 0.526 
0.557 0.438 0.619 0.469 0.619 0.526 
0.558 0.438 0.62 0.469 0.621 0.526 
0.558 0.438 0.619 0.469 0.621 0.526 
0.559 0.438 0.62 0.47 0.622 0.527 
0.559 0.438 0.62 0.47 0.622 0.527 
0.56 0.438 0.621 0.47 0.623 0.527 
0.56 0.438 0.621 0.47 0.623 0.527 
0.561 0.438 0.622 0.47 0.624 0.527 
0.561 0.438 0.622 0.47 0.624 0.527 
0.562 0.438 0.623 0.47 0.625 0.527 
0.562 0.438 0.623 0.471 0.625 0.527 
0.563 0.438 0.624 0.471 0.626 0.528 
0.563 0.438 0.624 0.471 0.626 0.528 
0.564 0.438 0.625 0.471 0.627 0.528 
0.564 0.438 0.625 0.471 0.627 0.528 
0.565 0.438 0.625 0.471 0.629 0.528 
0.565 0.438 0.625 0.471 0.629 0.528 
0.566 0.438 0.626 0.471 0.63 0.528 
0.566 0.438 0.626 0.472 0.63 0.529 
0.567 0.438 0.627 0.472 0.631 0.529 
0.567 0.438 0.627 0.472 0.631 0.529 
0.568 0.438 0.628 0.472 0.632 0.529 
0.568 0.438 0.628 0.472 0.632 0.529 
0.569 0.438 0.629 0.472 0.633 0.529 
0.569 0.438 0.629 0.472 0.633 0.529 
0.57 0.438 0.63 0.473 0.634 0.529 
0.57 0.438 0.63 0.473 0.634 0.53 
0.571 0.438 0.631 0.473 0.635 0.53 
0.571 0.438 0.63 0.473 0.635 0.53 
0.572 0.438 0.631 0.473 0.636 0.53 
0.572 0.438 0.631 0.473 0.636 0.53 
0.573 0.438 0.632 0.473 0.638 0.53 
0.573 0.438 0.632 0.474 0.638 0.53 
0.574 0.438 0.633 0.474 0.639 0.53 
0.574 0.438 0.633 0.474 0.639 0.531 
0.575 0.438 0.634 0.474 0.64 0.531 
0.575 0.438 0.634 0.474 0.64 0.531 
0.576 0.438 0.635 0.474 0.641 0.531 
0.576 0.438 0.635 0.474 0.641 0.531 
0.577 0.438 0.636 0.474 0.642 0.531 
0.577 0.438 0.635 0.475 0.642 0.531 
0.578 0.438 0.636 0.475 0.643 0.531 
0.578 0.438 0.636 0.475 0.643 0.531 
0.579 0.438 0.637 0.475 0.644 0.532 
0.579 0.438 0.637 0.475 0.644 0.532 
0.58 0.438 0.638 0.475 0.645 0.532 
0.58 0.438 0.638 0.475 0.645 0.532 
0.581 0.438 0.639 0.476 0.646 0.532 
0.581 0.438 0.639 0.476 0.647 0.532 
0.582 0.438 0.64 0.476 0.648 0.532 
0.582 0.438 0.64 0.476 0.648 0.532 
0.583 0.438 0.641 0.476 0.649 0.532 
0.583 0.438 0.64 0.476 0.649 0.533 
0.584 0.438 0.641 0.476 0.65 0.533 
0.584 0.438 0.641 0.476 0.65 0.533 
0.585 0.438 0.642 0.477 0.651 0.533 
0.585 0.438 0.642 0.477 0.651 0.533 
0.586 0.438 0.643 0.477 0.652 0.533 
0.586 0.438 0.643 0.477 0.652 0.533 
0.587 0.438 0.644 0.477 0.653 0.533 
0.587 0.438 0.644 0.477 0.653 0.533 
0.588 0.438 0.645 0.477 0.654 0.534 
0.588 0.438 0.645 0.477 0.654 0.534 
0.589 0.438 0.645 0.478 0.655 0.534 
0.589 0.438 0.645 0.478 0.655 0.534 
0.59 0.438 0.646 0.478 0.656 0.534 
0.59 0.438 0.646 0.478 0.656 0.534 
0.591 0.438 0.647 0.478 0.658 0.534 
0.591 0.438 0.647 0.478 0.658 0.534 
0.592 0.438 0.648 0.478 0.659 0.534 
0.592 0.438 0.648 0.479 0.659 0.534 
0.593 0.438 0.649 0.479 0.66 0.535 
0.593 0.438 0.649 0.479 0.66 0.535 
0.594 0.438 0.65 0.479 0.661 0.535 
0.594 0.438 0.649 0.479 0.661 0.535 
0.595 0.438 0.65 0.479 0.662 0.535 
0.595 0.438 0.65 0.479 0.662 0.535 
0.596 0.438 0.651 0.479 0.663 0.535 
0.596 0.438 0.649 0.478 0.599 0.53 
0.597 0.438 0.651 0.478 0.601 0.53 
0.597 0.437 0.65 0.477 0.6 0.529 
0.598 0.437 0.651 0.478 0.601 0.53 
0.598 0.436 0.651 0.477 0.601 0.529 
0.599 0.436 0.652 0.477 0.602 0.529 
0.599 0.435 0.652 0.476 0.602 0.528 
0.6 0.435 0.653 0.476 0.603 0.528 
0.6 0.434 0.653 0.475 0.603 0.528 
0.601 0.434 0.654 0.475 0.604 0.528 
0.601 0.433 0.654 0.475 0.604 0.527 
0.602 0.433 0.654 0.475 0.605 0.527 
0.602 0.432 0.654 0.474 0.605 0.526 
0.603 0.432 0.655 0.474 0.606 0.526 
0.603 0.431 0.655 0.473 0.606 0.526 
0.604 0.431 0.656 0.473 0.607 0.526 
0.604 0.43 0.656 0.472 0.607 0.525 
0.605 0.43 0.657 0.473 0.608 0.525 
0.605 0.429 0.657 0.472 0.608 0.524 
0.606 0.429 0.658 0.472 0.609 0.525 
0.606 0.428 0.657 0.471 0.609 0.524 
0.607 0.428 0.658 0.471 0.61 0.524 
0.607 0.427 0.658 0.47 0.61 0.523 
0.608 0.427 0.659 0.47 0.61 0.523 
0.608 0.426 0.659 0.469 0.61 0.523 
0.609 0.426 0.66 0.47 0.611 0.523 
0.609 0.425 0.66 0.469 0.611 0.522 
0.61 0.425 0.661 0.469 0.612 0.522 
0.61 0.424 0.661 0.468 0.612 0.521 
0.611 0.424 0.661 0.468 0.613 0.521 
0.611 0.423 0.661 0.467 0.613 0.521 
0.612 0.423 0.662 0.467 0.614 0.521 
0.612 0.422 0.662 0.466 0.614 0.52 
0.613 0.422 0.663 0.467 0.615 0.52 
0.613 0.421 0.663 0.466 0.615 0.519 
0.614 0.421 0.664 0.466 0.616 0.52 
0.614 0.42 0.664 0.465 0.616 0.519 
0.615 0.42 0.665 0.465 0.617 0.519 
0.615 0.419 0.664 0.464 0.617 0.518 
0.616 0.419 0.665 0.464 0.618 0.518 
0.616 0.418 0.665 0.463 0.618 0.518 
0.617 0.418 0.666 0.464 0.619 0.518 
0.617 0.417 0.666 0.463 0.618 0.517 
0.618 0.417 0.667 0.463 0.619 0.517 
0.618 0.416 0.667 0.462 0.619 0.516 
0.619 0.416 0.668 0.462 0.62 0.516 
0.619 0.415 0.667 0.461 0.62 0.516 
0.62 0.415 0.668 0.461 0.621 0.516 
0.62 0.414 0.668 0.46 0.621 0.515 
0.621 0.414 0.669 0.461 0.622 0.515 
0.621 0.413 0.669 0.46 0.622 0.514 
0.622 0.413 0.67 0.46 0.623 0.514 
0.622 0.412 0.67 0.459 0.623 0.514 
0.623 0.412 0.671 0.459 0.624 0.514 
0.623 0.411 0.671 0.458 0.624 0.513 
0.624 0.411 0.671 0.458 0.625 0.513 
0.624 0.41 0.671 0.457 0.625 0.512 
0.625 0.41 0.672 0.458 0.626 0.513 
0.625 0.409 0.672 0.457 0.626 0.512 
0.626 0.409 0.673 0.457 0.626 0.512 
0.626 0.408 0.673 0.456 0.626 0.511 
0.627 0.408 0.674 0.456 0.627 0.511 
0.627 0.407 0.674 0.455 0.627 0.51 
0.628 0.407 0.674 0.455 0.628 0.511 
0.628 0.406 0.674 0.454 0.628 0.51 
0.629 0.406 0.675 0.455 0.629 0.51 
0.629 0.405 0.675 0.454 0.629 0.509 
0.63 0.405 0.676 0.454 0.63 0.509 
0.63 0.404 0.676 0.453 0.63 0.508 
0.631 0.404 0.677 0.453 0.631 0.509 
0.631 0.403 0.677 0.452 0.631 0.508 
0.632 0.403 0.677 0.452 0.632 0.508 
0.632 0.402 0.677 0.451 0.632 0.507 
0.633 0.402 0.678 0.452 0.633 0.507 
0.633 0.401 0.678 0.451 0.633 0.506 
0.634 0.401 0.679 0.451 0.634 0.507 
0.634 0.4 0.679 0.45 0.633 0.506 
0.635 0.4 0.68 0.45 0.634 0.506 
0.635 0.399 0.68 0.449 0.634 0.505 
0.636 0.399 0.68 0.449 0.635 0.505 
0.636 0.398 0.68 0.448 0.635 0.504 
0.637 0.398 0.681 0.448 0.636 0.505 
0.637 0.397 0.681 0.448 0.636 0.504 
0.638 0.397 0.682 0.448 0.637 0.504 
0.638 0.396 0.682 0.447 0.637 0.503 
0.639 0.396 0.683 0.447 0.638 0.503 
0.639 0.395 0.682 0.446 0.638 0.502 
0.64 0.395 0.683 0.446 0.639 0.503 
0.64 0.394 0.683 0.445 0.639 0.502 
0.641 0.394 0.684 0.445 0.64 0.502 
0.641 0.393 0.684 0.444 0.64 0.501 
0.642 0.393 0.685 0.445 0.64 0.501 
0.642 0.392 0.685 0.444 0.64 0.5 
0.643 0.392 0.686 0.444 0.641 0.501 
0.643 0.391 0.685 0.443 0.641 0.5 
0.644 0.391 0.686 0.443 0.642 0.5 
0.644 0.39 0.686 0.442 0.642 0.499 
0.645 0.39 0.687 0.442 0.643 0.499 
0.645 0.389 0.687 0.441 0.643 0.498 
0.646 0.389 0.688 0.441 0.644 0.499 
0.646 0.388 0.688 0.441 0.644 0.498 
0.647 0.388 0.688 0.441 0.645 0.498 
0.647 0.387 0.688 0.44 0.645 0.497 
0.648 0.387 0.689 0.44 0.646 0.497 
0.648 0.386 0.689 0.439 0.646 0.496 
0.649 0.386 0.69 0.439 0.647 0.496 
0.649 0.385 0.69 0.438 0.646 0.496 
0.65 0.385 0.691 0.438 0.647 0.496 
0.65 0.384 0.691 0.437 0.647 0.495 
0.651 0.384 0.691 0.437 0.648 0.495 
0.651 0.383 0.691 0.437 0.648 0.494 
0.652 0.383 0.692 0.437 0.649 0.494 
0.652 0.382 0.692 0.436 0.649 0.494 
0.653 0.382 0.693 0.436 0.65 0.494 
0.653 0.381 0.693 0.435 0.65 0.493 
0.654 0.381 0.694 0.435 0.651 0.493 
0.654 0.38 0.693 0.434 0.651 0.492 
0.655 0.38 0.694 0.434 0.652 0.492 
0.655 0.379 0.694 0.433 0.652 0.491 
0.656 0.379 0.695 0.433 0.653 0.492 
0.656 0.378 0.695 0.433 0.652 0.491 
0.657 0.378 0.696 0.433 0.653 0.491 
0.657 0.377 0.696 0.432 0.653 0.49 
0.658 0.377 0.696 0.432 0.654 0.49 
0.658 0.376 0.696 0.431 0.654 0.489 
0.659 0.376 0.697 0.431 0.655 0.49 
0.659 0.375 0.697 0.43 0.655 0.489 
0.659 0.375 0.697 0.43 0.655 0.489 
0.659 0.374 0.697 0.429 0.655 0.488 
0.659 0.374 0.697 0.429 0.655 0.488 
0.659 0.373 0.696 0.429 0.655 0.487 
0.659 0.373 0.696 0.429 0.655 0.487 
0.659 0.372 0.696 0.428 0.655 0.487 
0.659 0.372 0.696 0.428 0.654 0.487 
0.659 0.371 0.696 0.427 0.654 0.486 
0.659 0.371 0.696 0.427 0.654 0.486 
0.659 0.37 0.696 0.426 0.654 0.485 
0.659 0.37 0.695 0.426 0.654 0.485 
0.659 0.369 0.695 0.425 0.654 0.484 
0.659 0.369 0.695 0.425 0.654 0.485 
0.659 0.368 0.695 0.425 0.654 0.484 
0.659 0.368 0.695 0.425 0.654 0.484 
0.659 0.367 0.695 0.424 0.654 0.483 
0.659 0.367 0.695 0.424 0.654 0.483 
0.659 0.366 0.694 0.423 0.654 0.482 
0.659 0.366 0.694 0.423 0.654 0.482 
0.659 0.365 0.694 0.422 0.653 0.482 
0.659 0.365 0.694 0.422 0.653 0.482 
0.659 0.364 0.694 0.421 0.653 0.481 
0.659 0.364 0.694 0.421 0.653 0.481 
0.659 0.363 0.694 0.42 0.653 0.48 
0.659 0.363 0.693 0.421 0.653 0.48 
0.659 0.362 0.693 0.42 0.653 0.479 
0.659 0.362 0.693 0.42 0.653 0.479 
0.659 0.361 0.693 0.419 0.653 0.479 
0.659 0.361 0.693 0.419 0.653 0.479 
0.659 0.36 0.693 0.418 0.653 0.478 
0.659 0.36 0.692 0.418 0.653 0.478 
0.659 0.359 0.692 0.417 0.653 0.477 
0.659 0.359 0.692 0.417 0.652 0.477 
0.659 0.358 0.692 0.416 0.652 0.476 
0.659 0.358 0.692 0.416 0.652 0.477 
0.659 0.357 0.692 0.415 0.652 0.476 
0.659 0.357 0.692 0.416 0.652 0.476 
0.659 0.356 0.691 0.415 0.652 0.475 
0.659 0.356 0.691 0.415 0.652 0.475 
0.659 0.355 0.691 0.414 0.652 0.474 
0.659 0.355 0.691 0.414 0.652 0.474 
0.659 0.354 0.691 0.413 0.652 0.473 
0.659 0.354 0.691 0.413 0.652 0.474 
0.659 0.353 0.691 0.412 0.652 0.473 
0.659 0.353 0.69 0.412 0.651 0.473 
0.659 0.352 0.69 0.411 0.651 0.472 
0.659 0.352 0.69 0.411 0.651 0.472 
0.659 0.351 0.69 0.41 0.651 0.471 
0.659 0.351 0.69 0.411 0.651 0.471 
0.659 0.35 0.69 0.41 0.651 0.47 
0.659 0.35 0.689 0.41 0.651 0.471 
0.659 0.349 0.689 0.409 0.651 0.47 
0.659 0.349 0.689 0.409 0.651 0.47 
0.659 0.348 0.689 0.408 0.651 0.469 
0.659 0.348 0.689 0.408 0.651 0.469 
0.659 0.347 0.689 0.407 0.651 0.468 
0.659 0.347 0.689 0.407 0.65 0.468 
0.659 0.346 0.688 0.406 0.65 0.467 
0.659 0.346 0.688 0.406 0.65 0.468 
0.659 0.345 0.688 0.405 0.65 0.467 
0.659 0.345 0.688 0.405 0.65 0.467 
0.659 0.344 0.688 0.405 0.65 0.466 
0.659 0.344 0.688 0.405 0.65 0.466 
0.659 0.343 0.687 0.404 0.65 0.465 
0.659 0.343 0.687 0.404 0.65 0.465 
0.659 0.342 0.687 0.403 0.65 0.464 
0.659 0.342 0.687 0.403 0.65 0.464 
0.659 0.341 0.687 0.402 0.65 0.464 
0.659 0.341 0.687 0.402 0.649 0.464 
0.659 0.34 0.686 0.401 0.649 0.463 
0.659 0.34 0.686 0.401 0.649 0.463 
0.659 0.339 0.686 0.4 0.649 0.462 
0.659 0.339 0.686 0.4 0.649 0.462 
0.659 0.338 0.686 0.399 0.649 0.461 
0.659 0.338 0.686 0.399 0.649 0.461 
0.659 0.337 0.686 0.399 0.649 0.46 
0.659 0.337 0.685 0.399 0.649 0.461 
0.659 0.336 0.685 0.398 0.649 0.46 
0.659 0.336 0.685 0.398 0.649 0.46 
0.659 0.335 0.685 0.397 0.648 0.459 
0.659 0.335 0.685 0.397 0.648 0.459 
0.659 0.334 0.685 0.396 0.648 0.458 
0.659 0.334 0.684 0.396 0.648 0.458 
0.659 0.333 0.684 0.395 0.648 0.457 
0.659 0.333 0.684 0.395 0.648 0.457 
0.659 0.332 0.684 0.394 0.648 0.457 
0.659 0.332 0.684 0.394 0.648 0.457 
0.659 0.331 0.684 0.393 0.648 0.456 
0.659 0.331 0.683 0.393 0.648 0.456 
0.659 0.33 0.683 0.392 0.648 0.455 
0.659 0.33 0.683 0.393 0.648 0.455 
0.659 0.329 0.683 0.392 0.647 0.454 
0.659 0.329 0.683 0.392 0.647 0.454 
0.659 0.328 0.683 0.391 0.647 0.453 
0.659 0.328 0.682 0.391 0.647 0.453 
0.659 0.327 0.682 0.39 0.647 0.453 
0.659 0.327 0.682 0.39 0.647 0.453 
0.659 0.326 0.682 0.389 0.647 0.452 
0.659 0.326 0.682 0.389 0.647 0.452 
0.659 0.325 0.682 0.388 0.647 0.451 
0.659 0.325 0.682 0.388 0.647 0.451 
0.659 0.324 0.681 0.387 0.647 0.45 
0.659 0.324 0.681 0.387 0.646 0.45 
0.659 0.323 0.681 0.386 0.646 0.449 
0.659 0.323 0.681 0.386 0.646 0.449 
0.659 0.322 0.681 0.385 0.646 0.449 
0.659 0.322 0.681 0.385 0.646 0.449 
0.659 0.321 0.68 0.384 0.646 0.448 
0.659 0.321 0.68 0.385 0.646 0.448 
0.659 0.32 0.68 0.384 0.646 0.447 
0.659 0.32 0.68 0.384 0.646 0.447 
0.659 0.319 0.68 0.383 0.646 0.446 
0.659 0.319 0.68 0.383 0.646 0.446 
0.659 0.318 0.679 0.382 0.645 0.445 
0.659 0.318 0.679 0.382 0.645 0.445 
0.659 0.317 0.679 0.381 0.645 0.445 
0.659 0.317 0.679 0.381 0.645 0.445 
0.659 0.316 0.679 0.38 0.645 0.444 
0.659 0.316 0.679 0.38 0.645 0.444 
0.659 0.315 0.678 0.379 0.645 0.443 
0.659 0.315 0.678 0.379 0.645 0.443 
0.659 0.314 0.678 0.378 0.645 0.442 
0.659 0.314 0.678 0.378 0.645 0.442 
0.659 0.313 0.678 0.377 0.645 0.441 
0.659 0.313 0.678 0.377 0.644 0.441 
0.659 0.312 0.677 0.376 0.644 0.44 
0.659 0.312 0.677 0.376 0.644 0.44 
0.659 0.311 0.677 0.376 0.644 0.44 
0.659 0.311 0.677 0.376 0.644 0.44 
0.659 0.31 0.677 0.375 0.644 0.439 
0.659 0.31 0.677 0.375 0.644 0.439 
0.659 0.309 0.676 0.374 0.644 0.438 
0.659 0.309 0.676 0.374 0.644 0.438 
0.659 0.308 0.676 0.373 0.644 0.437 
0.659 0.308 0.676 0.373 0.644 0.437 
0.659 0.307 0.676 0.372 0.643 0.436 
0.659 0.307 0.676 0.372 0.643 0.436 
0.659 0.306 0.675 0.371 0.643 0.435 
0.659 0.306 0.675 0.371 0.643 0.435 
0.659 0.305 0.675 0.37 0.643 0.435 
0.659 0.305 0.675 0.37 0.643 0.435 
0.659 0.304 0.675 0.369 0.643 0.434 
0.659 0.304 0.675 0.369 0.643 0.434 
0.659 0.303 0.674 0.368 0.643 0.433 
0.659 0.303 0.674 0.368 0.643 0.433 
0.659 0.302 0.674 0.367 0.643 0.432 
0.659 0.302 0.674 0.367 0.642 0.432 
0.659 0.301 0.674 0.366 0.642 0.431 
0.659 0.301 0.674 0.366 0.642 0.431 
0.659 0.3 0.673 0.365 0.642 0.43 
0.659 0.3 0.67 0.349 0.641 0.404 
0.66 0.3 0.672 0.349 0.645 0.404 
0.66 0.299 0.673 0.347 0.648 0.404 
0.661 0.299 0.676 0.347 0.651 0.404 
0.661 0.298 0.677 0.345 0.654 0.403 
0.662 0.298 0.679 0.345 0.658 0.403 
0.662 0.297 0.681 0.343 0.661 0.402 
0.663 0.297 0.683 0.343 0.665 0.402 
0.663 0.296 0.684 0.341 0.668 0.401 
0.664 0.296 0.686 0.341 0.672 0.401 
0.664 0.295 0.687 0.339 0.675 0.4 
0.665 0.295 0.69 0.339 0.678 0.4 
0.665 0.294 0.691 0.337 0.681 0.398 
0.666 0.294 0.693 0.336 0.685 0.398 
0.666 0.293 0.694 0.334 0.688 0.396 
0.667 0.293 0.696 0.334 0.692 0.395 
0.667 0.292 0.697 0.332 0.695 0.394 
0.668 0.292 0.699 0.331 0.698 0.393 
0.668 0.291 0.7 0.329 0.701 0.391 
0.669 0.291 0.702 0.328 0.705 0.39 
0.669 0.29 0.703 0.326 0.708 0.388 
0.67 0.29 0.705 0.325 0.711 0.387 
0.67 0.289 0.706 0.323 0.714 0.385 
0.67 0.289 0.707 0.322 0.717 0.384 
0.67 0.288 0.708 0.32 0.719 0.381 
0.67 0.288 0.709 0.319 0.722 0.38 
0.67 0.287 0.71 0.317 0.724 0.378 
0.67 0.287 0.711 0.316 0.727 0.376 
0.67 0.286 0.711 0.314 0.729 0.373 
0.67 0.286 0.712 0.313 0.732 0.372 
0.67 0.285 0.713 0.311 0.734 0.369 
0.67 0.285 0.714 0.31 0.736 0.367 
0.67 0.284 0.714 0.307 0.738 0.364 
0.67 0.284 0.715 0.306 0.741 0.363 
0.67 0.283 0.715 0.304 0.743 0.36 
0.67 0.283 0.716 0.303 0.745 0.358 
0.67 0.282 0.716 0.3 0.747 0.354 
0.67 0.282 0.717 0.299 0.749 0.352 
0.67 0.281 0.717 0.297 0.751 0.349 
0.67 0.281 0.718 0.297 0.754 0.348 
0.671 0.281 0.718 0.297 0.754 0.347 
0.671 0.28 0.718 0.296 0.754 0.346 
0.672 0.28 0.719 0.296 0.755 0.346 
0.672 0.279 0.719 0.295 0.755 0.345 
0.673 0.279 0.72 0.295 0.756 0.345 
0.673 0.278 0.721 0.294 0.756 0.344 
0.674 0.278 0.722 0.294 0.757 0.344 
0.674 0.277 0.722 0.292 0.757 0.343 
0.675 0.277 0.723 0.292 0.758 0.343 
0.675 0.276 0.723 0.291 0.758 0.343 
0.676 0.276 0.724 0.291 0.759 0.343 
0.676 0.275 0.724 0.29 0.758 0.342 
0.677 0.275 0.725 0.29 0.759 0.342 
0.677 0.274 0.725 0.289 0.759 0.341 
0.678 0.274 0.726 0.289 0.76 0.341 
0.678 0.273 0.726 0.288 0.76 0.34 
0.679 0.273 0.727 0.288 0.761 0.34 
0.679 0.272 0.727 0.287 0.761 0.339 
0.68 0.272 0.728 0.287 0.762 0.339 
0.68 0.271 0.728 0.286 0.762 0.338 
0.681 0.271 0.729 0.286 0.763 0.338 
0.681 0.27 0.729 0.285 0.763 0.337 
0.682 0.27 0.73 0.285 0.763 0.337 
0.682 0.269 0.73 0.284 0.763 0.336 
0.683 0.269 0.731 0.284 0.764 0.336 
0.683 0.268 0.731 0.283 0.764 0.335 
0.684 0.268 0.732 0.283 0.765 0.335 
0.684 0.267 0.732 0.281 0.765 0.334 
0.685 0.267 0.733 0.281 0.766 0.334 
0.685 0.266 0.733 0.28 0.766 0.333 
0.686 0.266 0.734 0.28 0.767 0.333 
0.686 0.265 0.734 0.279 0.767 0.332 
0.687 0.265 0.735 0.279 0.767 0.332 
0.687 0.264 0.735 0.278 0.767 0.331 
0.688 0.264 0.736 0.278 0.768 0.331 
0.688 0.263 0.736 0.277 0.768 0.33 
0.689 0.263 0.737 0.277 0.769 0.33 
0.689 0.262 0.737 0.276 0.769 0.329 
0.69 0.262 0.738 0.276 0.77 0.329 
0.69 0.261 0.738 0.275 0.77 0.328 
0.691 0.261 0.739 0.275 0.771 0.328 
0.691 0.26 0.739 0.274 0.771 0.327 
0.692 0.26 0.74 0.274 0.772 0.327 
0.692 0.259 0.74 0.273 0.771 0.326 
0.693 0.259 0.741 0.273 0.772 0.326 
0.693 0.258 0.741 0.272 0.772 0.325 
0.694 0.258 0.742 0.272 0.773 0.325 
0.694 0.257 0.742 0.27 0.773 0.324 
0.695 0.257 0.743 0.27 0.774 0.324 
0.695 0.256 0.743 0.269 0.774 0.323 
0.696 0.256 0.744 0.269 0.775 0.323 
0.696 0.255 0.744 0.268 0.775 0.322 
0.697 0.255 0.745 0.268 0.776 0.322 
0.697 0.254 0.745 0.267 0.775 0.321 
0.698 0.254 0.746 0.267 0.776 0.321 
0.698 0.253 0.746 0.266 0.776 0.32 
0.699 0.253 0.747 0.266 0.777 0.32 
0.699 0.252 0.747 0.265 0.777 0.319 
0.7 0.252 0.748 0.265 0.778 0.319 
0.7 0.251 0.748 0.264 0.778 0.318 
0.701 0.251 0.749 0.264 0.779 0.318 
0.701 0.25 0.749 0.263 0.779 0.317 
0.702 0.25 0.75 0.263 0.78 0.317 
0.702 0.249 0.75 0.262 0.779 0.316 
0.703 0.249 0.751 0.262 0.78 0.316 
0.703 0.248 0.751 0.261 0.78 0.315 
0.704 0.248 0.752 0.26 0.781 0.315 
0.704 0.247 0.752 0.259 0.781 0.314 
0.705 0.247 0.753 0.259 0.782 0.314 
0.705 0.246 0.753 0.258 0.782 0.313 
0.706 0.246 0.754 0.258 0.783 0.314 
0.706 0.245 0.754 0.257 0.783 0.313 
0.707 0.245 0.755 0.257 0.783 0.313 
0.707 0.244 0.756 0.256 0.783 0.312 
0.708 0.244 0.757 0.256 0.784 0.312 
0.708 0.243 0.757 0.255 0.784 0.311 
0.709 0.243 0.758 0.255 0.785 0.311 
0.709 0.242 0.758 0.254 0.785 0.31 
0.71 0.242 0.759 0.254 0.786 0.31 
0.71 0.241 0.759 0.253 0.786 0.309 
0.711 0.241 0.76 0.253 0.787 0.309 
0.711 0.24 0.76 0.252 0.787 0.308 
0.712 0.24 0.761 0.252 0.787 0.308 
0.712 0.239 0.761 0.251 0.787 0.307 
0.713 0.239 0.762 0.251 0.788 0.307 
0.713 0.238 0.762 0.25 0.788 0.306 
0.714 0.238 0.763 0.249 0.789 0.306 
0.714 0.237 0.763 0.248 0.789 0.305 
0.715 0.237 0.764 0.248 0.79 0.305 
0.715 0.236 0.764 0.247 0.79 0.304 
0.716 0.236 0.765 0.247 0.791 0.304 
0.716 0.235 0.765 0.246 0.79 0.303 
0.717 0.235 0.766 0.246 0.791 0.303 
0.717 0.234 0.766 0.245 0.791 0.302 
0.718 0.234 0.767 0.245 0.792 0.302 
0.718 0.233 0.767 0.244 0.792 0.301 
0.719 0.233 0.768 0.244 0.793 0.301 
0.719 0.232 0.768 0.243 0.793 0.3 
0.72 0.232 0.769 0.243 0.794 0.3 
0.72 0.231 0.769 0.242 0.794 0.299 
0.721 0.231 0.77 0.242 0.794 0.299 
0.721 0.23 0.77 0.241 0.794 0.298 
0.722 0.23 0.771 0.241 0.795 0.298 
0.722 0.229 0.771 0.24 0.795 0.297 
0.723 0.229 0.772 0.24 0.796 0.297 
0.723 0.228 0.772 0.238 0.796 0.296 
0.724 0.228 0.773 0.238 0.797 0.296 
0.724 0.227 0.773 0.237 0.797 0.295 
0.725 0.227 0.774 0.237 0.798 0.295 
0.725 0.226 0.774 0.236 0.798 0.294 
0.726 0.226 0.775 0.236 0.798 0.294 
0.726 0.225 0.775 0.235 0.798 0.293 
0.727 0.225 0.776 0.235 0.799 0.293 
0.727 0.224 0.776 0.234 0.799 0.292 
0.728 0.224 0.777 0.234 0.8 0.292 
0.728 0.223 0.777 0.233 0.8 0.291 
0.729 0.223 0.778 0.233 0.801 0.291 
0.729 0.222 0.778 0.232 0.801 0.29 
0.73 0.222 0.779 0.232 0.802 0.29 
0.73 0.221 0.779 0.231 0.801 0.289 
0.731 0.221 0.78 0.231 0.802 0.289 
0.731 0.22 0.78 0.23 0.802 0.288 
0.732 0.22 0.781 0.23 0.803 0.288 
0.732 0.219 0.781 0.229 0.803 0.287 
0.733 0.219 0.782 0.229 0.804 0.287 
0.733 0.218 0.782 0.227 0.804 0.286 
0.734 0.218 0.783 0.227 0.805 0.286 
0.734 0.217 0.783 0.226 0.804 0.285 
0.735 0.217 0.784 0.226 0.805 0.285 
0.735 0.216 0.784 0.225 0.805 0.284 
0.736 0.216 0.785 0.225 0.806 0.284 
0.736 0.215 0.785 0.224 0.806 0.283 
0.737 0.215 0.786 0.224 0.807 0.283 
0.737 0.214 0.786 0.223 0.807 0.282 
0.738 0.214 0.787 0.223 0.808 0.281 
0.738 0.213 0.787 0.222 0.808 0.28 
0.739 0.213 0.788 0.222 0.808 0.28 
0.739 0.212 0.788 0.221 0.808 0.279 
0.74 0.212 0.789 0.221 0.809 0.279 
0.74 0.211 0.789 0.22 0.809 0.278 
0.741 0.211 0.79 0.22 0.81 0.278 
0.741 0.21 0.79 0.219 0.81 0.277 
0.742 0.21 0.791 0.219 0.811 0.277 
0.742 0.209 0.791 0.218 0.811 0.276 
0.743 0.209 0.792 0.217 0.812 0.276 
0.743 0.208 0.792 0.216 0.811 0.275 
0.744 0.208 0.793 0.216 0.812 0.275 
0.744 0.207 0.793 0.215 0.812 0.274 
0.745 0.207 0.794 0.215 0.813 0.274 
0.745 0.206 0.794 0.214 0.813 0.273 
0.746 0.206 0.795 0.214 0.814 0.273 
0.746 0.205 0.795 0.213 0.814 0.272 
0.747 0.205 0.796 0.213 0.815 0.272 
0.747 0.204 0.796 0.212 0.815 0.271 
0.748 0.204 0.797 0.212 0.815 0.271 
0.748 0.203 0.797 0.211 0.815 0.27 
0.749 0.203 0.798 0.211 0.816 0.27 
0.749 0.202 0.798 0.21 0.816 0.269 
0.75 0.202 0.799 0.21 0.817 0.269 
0.75 0.201 0.799 0.209 0.817 0.268 
0.751 0.201 0.8 0.209 0.818 0.268 
0.751 0.2 0.8 0.208 0.818 0.267 
0.752 0.2 0.801 0.208 0.818 0.267 
0.752 0.199 0.801 0.206 0.818 0.266 
0.753 0.199 0.802 0.206 0.819 0.266 
0.753 0.198 0.802 0.205 0.819 0.265 
0.754 0.198 0.803 0.205 0.82 0.265 
0.754 0.197 0.803 0.204 0.82 0.264 
0.755 0.197 0.804 0.204 0.821 0.264 
0.755 0.196 0.804 0.203 0.821 0.263 
0.756 0.196 0.805 0.203 0.821 0.263 
0.756 0.195 0.805 0.202 0.821 0.262 
0.757 0.195 0.807 0.202 0.822 0.262 
0.757 0.194 0.807 0.201 0.822 0.261 
0.758 0.194 0.808 0.201 0.823 0.261 
0.758 0.193 0.808 0.2 0.823 0.26 
0.759 0.193 0.809 0.2 0.824 0.26 
0.759 0.192 0.809 0.199 0.824 0.259 
0.76 0.192 0.81 0.199 0.825 0.259 
0.76 0.191 0.81 0.198 0.824 0.258 
0.761 0.191 0.811 0.198 0.825 0.258 
0.761 0.19 0.811 0.197 0.825 0.257 
0.762 0.19 0.812 0.196 0.826 0.257 
0.762 0.189 0.812 0.195 0.826 0.256 
0.763 0.189 0.813 0.195 0.827 0.256 
0.763 0.188 0.813 0.194 0.827 0.255 
0.764 0.188 0.814 0.194 0.828 0.255 
0.764 0.187 0.814 0.193 0.827 0.254 
0.765 0.187 0.815 0.193 0.828 0.254 
0.765 0.186 0.815 0.192 0.828 0.253 
0.766 0.186 0.816 0.192 0.829 0.253 
0.766 0.185 0.816 0.191 0.829 0.252 
0.767 0.185 0.817 0.191 0.83 0.252 
0.767 0.184 0.817 0.19 0.83 0.251 
0.768 0.184 0.818 0.19 0.831 0.25 
0.768 0.183 0.818 0.189 0.83 0.249 
0.769 0.183 0.819 0.189 0.831 0.249 
0.769 0.182 0.819 0.188 0.831 0.248 
0.77 0.182 0.82 0.188 0.832 0.248 
0.77 0.181 0.82 0.187 0.832 0.247 
0.771 0.181 0.821 0.187 0.833 0.247 
0.771 0.18 0.821 0.185 0.833 0.246 
0.772 0.18 0.822 0.185 0.834 0.246 
0.772 0.179 0.822 0.184 0.834 0.245 
0.773 0.179 0.823 0.184 0.834 0.245 
0.773 0.178 0.823 0.183 0.834 0.244 
0.774 0.178 0.824 0.183 0.835 0.244 
0.774 0.177 0.824 0.182 0.835 0.243 
0.775 0.177 0.825 0.182 0.836 0.243 
0.775 0.176 0.825 0.181 0.836 0.242 
0.776 0.176 0.826 0.181 0.837 0.242 
0.776 0.175 0.826 0.18 0.837 0.241 
0.777 0.175 0.827 0.18 0.837 0.241 
0.777 0.174 0.827 0.179 0.837 0.24 
0.778 0.174 0.828 0.179 0.838 0.24 
0.778 0.173 0.828 0.178 0.838 0.239 
0.779 0.173 0.829 0.178 0.839 0.239 
0.779 0.172 0.829 0.177 0.839 0.238 
0.78 0.172 0.83 0.177 0.84 0.238 
0.78 0.171 0.83 0.176 0.84 0.237 
0.781 0.171 0.831 0.175 0.84 0.237 
0.781 0.17 0.831 0.174 0.84 0.236 
0.782 0.17 0.832 0.174 0.841 0.236 
0.782 0.169 0.832 0.173 0.841 0.235 
0.783 0.169 0.833 0.173 0.842 0.235 
0.783 0.169 0.833 0.173 0.842 0.235 
0.784 0.169 0.834 0.173 0.843 0.235 
0.784 0.169 0.84 0.174 0.871 0.235 
0.785 0.169 0.842 0.175 0.871 0.236 
0.785 0.168 0.842 0.175 0.869 0.237 
0.786 0.168 0.842 0.176 0.868 0.239 
0.786 0.167 0.842 0.176 0.866 0.24 
0.787 0.167 0.843 0.177 0.865 0.241 
0.787 0.166 0.843 0.177 0.862 0.242 
0.788 0.166 0.844 0.178 0.861 0.244 
0.788 0.165 0.844 0.178 0.859 0.244 
0.789 0.165 0.844 0.179 0.858 0.246 
0.789 0.164 0.844 0.179 0.856 0.246 
0.79 0.164 0.845 0.18 0.854 0.247 
0.79 0.163 0.844 0.18 0.852 0.247 
0.791 0.163 0.845 0.181 0.851 0.249 
0.791 0.162 0.845 0.181 0.849 0.249 
0.792 0.162 0.845 0.182 0.847 0.25 
0.792 0.161 0.845 0.182 0.845 0.25 
0.793 0.161 0.846 0.183 0.843 0.251 
0.793 0.16 0.845 0.183 0.841 0.251 
0.794 0.16 0.846 0.184 0.84 0.251 
0.794 0.159 0.845 0.184 0.837 0.251 
0.795 0.159 0.846 0.185 0.836 0.252 
0.795 0.158 0.845 0.184 0.833 0.251 
0.796 0.158 0.846 0.185 0.832 0.252 
0.796 0.157 0.845 0.185 0.829 0.251 
0.797 0.157 0.846 0.186 0.828 0.252 
0.797 0.156 0.845 0.186 0.825 0.251 
0.798 0.156 0.846 0.187 0.824 0.251 
0.798 0.155 0.845 0.187 0.822 0.25 
0.799 0.155 0.846 0.188 0.82 0.251 
0.799 0.154 0.845 0.187 0.818 0.25 
0.8 0.154 0.846 0.188 0.816 0.25 
0.8 0.153 0.845 0.188 0.814 0.249 
0.801 0.153 0.845 0.189 0.812 0.248 
0.801 0.153 0.845 0.19 0.81 0.248 
0.802 0.153 0.845 0.191 0.809 0.248 
0.802 0.153 0.844 0.191 0.806 0.248 
0.803 0.153 0.845 0.192 0.805 0.247 
0.803 0.153 0.844 0.193 0.803 0.247 
0.804 0.153 0.844 0.194 0.801 0.246 
0.804 0.153 0.843 0.194 0.799 0.246 
0.805 0.153 0.844 0.195 0.798 0.245 
0.805 0.153 0.843 0.196 0.795 0.244 
0.806 0.153 0.843 0.196 0.794 0.244 
0.806 0.153 0.842 0.197 0.792 0.243 
0.807 0.153 0.842 0.198 0.791 0.242 
0.807 0.153 0.842 0.198 0.789 0.241 
0.808 0.153 0.842 0.199 0.788 0.24 
0.808 0.153 0.841 0.2 0.786 0.239 
0.809 0.153 0.841 0.2 0.785 0.238 
0.809 0.153 0.84 0.201 0.783 0.237 
0.81 0.153 0.84 0.201 0.782 0.236 
0.81 0.153 0.839 0.202 0.78 0.235 
0.811 0.153 0.84 0.202 0.779 0.233 
0.811 0.153 0.839 0.203 0.777 0.232 
0.812 0.153 0.839 0.203 0.777 0.231 
0.812 0.153 0.838 0.204 0.775 0.23 
0.813 0.153 0.838 0.204 0.774 0.228 
0.813 0.153 0.837 0.205 0.773 0.227 
0.814 0.153 0.837 0.205 0.772 0.225 
0.814 0.153 0.836 0.206 0.771 0.224 
0.815 0.153 0.836 0.206 0.77 0.222 
0.815 0.153 0.835 0.206 0.769 0.221 
0.816 0.153 0.835 0.207 0.768 0.219 
0.816 0.153 0.834 0.207 0.767 0.217 
0.817 0.153 0.834 0.207 0.767 0.216 
0.817 0.153 0.833 0.208 0.766 0.214 
0.818 0.153 0.833 0.208 0.765 0.212 
0.818 0.153 0.832 0.208 0.764 0.211 
0.819 0.153 0.832 0.208 0.764 0.209 
0.819 0.153 0.831 0.209 0.763 0.207 
0.82 0.153 0.831 0.209 0.763 0.205 
0.82 0.153 0.83 0.209 0.762 0.203 
0.821 0.153 0.83 0.209 0.763 0.202 
0.821 0.153 0.829 0.209 0.762 0.2 
0.822 0.153 0.829 0.21 0.762 0.198 
0.822 0.153 0.828 0.21 0.762 0.196 
0.823 0.153 0.828 0.21 0.762 0.194 
0.823 0.153 0.827 0.21 0.761 0.192 
0.824 0.153 0.827 0.21 0.762 0.19 
0.824 0.153 0.826 0.21 0.761 0.189 
0.825 0.153 0.826 0.21 0.762 0.187 
0.825 0.153 0.825 0.21 0.762 0.185 
0.826 0.153 0.825 0.21 0.762 0.183 
0.826 0.153 0.824 0.21 0.762 0.181 
0.827 0.153 0.824 0.21 0.763 0.179 
0.827 0.153 0.823 0.21 0.763 0.177 
0.828 0.153 0.823 0.21 0.764 0.176 
0.828 0.153 0.822 0.21 0.764 0.174 
0.829 0.153 0.822 0.21 0.765 0.172 
0.829 0.153 0.821 0.209 0.765 0.17 
0.83 0.153 0.821 0.209 0.766 0.168 
0.83 0.153 0.82 0.209 0.766 0.167 
0.831 0.153 0.82 0.209 0.768 0.165 
0.831 0.153 0.819 0.209 0.768 0.163 
0.832 0.153 0.819 0.208 0.769 0.161 
0.832 0.153 0.818 0.208 0.77 0.16 
0.833 0.153 0.818 0.208 0.771 0.158 
0.833 0.153 0.817 0.208 0.772 0.156 
0.834 0.153 0.817 0.207 0.773 0.155 
0.834 0.153 0.816 0.207 0.774 0.153 
0.835 0.153 0.816 0.207 0.775 0.152 
0.835 0.153 0.815 0.206 0.776 0.15 
0.836 0.153 0.815 0.206 0.778 0.149 
0.836 0.153 0.814 0.205 0.779 0.147 
0.837 0.153 0.814 0.205 0.78 0.146 
0.837 0.153 0.813 0.205 0.781 0.144 
0.838 0.153 0.813 0.204 0.783 0.143 
