1160
6 10
6 6
2 2
2 2
2 20
2 7
2 2
2 2
2 2
2 7
2 2
2 14
6 6
6 6
6 6
2 1
2 2
2 2
2 7
2 2
2 13
2 3
2 2
14 14
14 18
14 14
14 14
14 17
6 16
6 1
6 6
2 2
2 8
6 7
2 2
2 2
2 2
6 6
6 5
6 6
2 2
2 2
2 2
2 16
2 2
2 2
2 6
2 2
2 1
2 1
14 14
6 6
6 6
6 5
2 8
6 6
2 2
2 2
2 3
2 2
6 7
6 7
6 6
6 19
6 6
6 6
6 6
6 8
6 6
6 6
14 14
14 14
14 14
14 19
6 6
6 6
6 6
6 11
2 3
6 5
2 2
2 2
2 11
2 12
2 2
2 2
6 6
6 6
6 6
6 6
2 2
2 6
2 2
6 16
6 6
6 6
2 2
2 12
2 8
6 6
2 1
2 1
2 2
6 6
6 6
6 10
2 7
2 2
2 1
2 2
2 6
2 7
2 2
2 2
6 6
6 6
6 11
2 6
2 2
6 6
6 6
6 20
2 13
2 3
6 7
6 7
6 6
2 15
2 2
2 2
6 6
6 6
6 6
2 2
2 13
2 18
6 5
2 2
2 2
6 6
6 6
6 6
6 2
2 1
2 2
2 2
2 3
2 3
2 2
6 6
6 6
6 4
6 11
6 7
6 6
6 6
6 6
2 2
2 2
14 13
14 14
14 14
14 14
2 2
6 6
6 6
6 6
6 7
2 1
2 5
2 2
2 2
2 2
2 1
2 2
14 13
14 14
6 6
6 6
6 6
6 11
2 2
2 2
2 2
2 2
2 3
2 2
6 1
6 6
6 5
2 2
2 2
2 2
2 2
2 1
2 2
14 19
2 2
2 2
14 7
14 14
6 6
6 6
6 6
2 2
2 2
2 3
14 19
6 6
14 14
6 6
6 7
14 14
6 6
6 7
6 7
6 16
6 6
6 6
2 3
14 8
14 18
14 14
14 9
2 2
6 6
6 5
2 1
2 2
2 1
2 21
2 1
2 2
2 2
2 2
2 2
14 8
14 14
14 14
6 6
6 6
6 6
6 6
2 2
2 1
2 2
2 2
2 2
2 3
6 6
6 6
6 6
2 24
6 16
6 11
2 1
2 10
2 2
2 23
6 6
6 2
6 11
6 6
6 6
2 16
2 2
2 2
2 2
2 2
6 6
6 22
6 10
2 2
2 3
2 7
2 2
2 2
2 1
2 7
2 2
2 2
2 2
14 13
14 14
6 5
6 6
6 6
2 11
2 7
2 2
2 1
2 11
2 2
6 6
6 6
6 6
6 1
2 2
2 12
14 14
14 14
14 19
2 2
2 12
6 6
6 6
6 6
2 2
2 2
2 12
2 2
2 8
2 6
6 6
6 6
6 5
2 3
6 6
2 1
2 4
2 2
2 2
2 2
14 14
14 14
14 14
14 14
14 14
14 14
6 1
6 6
6 5
2 2
2 2
2 2
2 2
2 2
2 2
2 7
6 6
6 0
2 2
2 5
2 1
2 3
2 2
2 2
2 17
2 3
2 2
6 1
6 6
6 6
2 2
6 6
2 12
2 3
2 1
2 2
2 22
2 2
2 6
2 20
2 2
6 6
6 6
6 6
6 6
2 2
2 2
2 3
2 4
6 16
6 5
6 6
2 15
2 8
2 17
2 2
6 6
6 6
6 6
2 2
2 2
2 2
2 2
2 2
2 2
2 24
2 20
2 2
6 6
6 6
6 6
6 6
2 1
2 2
2 2
2 2
6 6
6 6
6 6
6 5
2 2
2 2
2 2
2 1
2 2
2 22
2 3
2 2
2 2
2 6
6 10
6 6
6 16
2 2
2 21
2 7
2 2
2 1
2 2
2 6
6 6
6 6
6 6
6 6
2 2
2 2
2 2
2 2
2 2
6 6
6 5
6 6
6 13
6 6
2 6
2 19
6 6
2 6
2 3
2 11
2 0
2 2
2 2
2 3
6 7
6 6
6 6
6 6
2 15
2 2
6 0
6 6
6 6
2 7
6 6
2 0
2 2
2 2
2 2
14 9
14 19
6 11
6 24
6 1
6 13
6 6
6 6
2 3
6 1
2 2
2 2
2 11
2 3
6 6
6 7
6 15
6 2
6 7
6 5
2 18
2 2
2 2
14 17
14 14
14 9
14 14
2 7
6 11
6 6
6 5
2 2
2 2
2 2
2 2
2 2
2 2
2 1
2 2
2 2
2 3
14 19
14 14
6 12
6 6
6 9
6 7
6 1
6 6
6 1
6 1
6 6
6 6
2 2
6 6
6 6
6 6
2 3
6 6
6 6
2 2
2 3
2 8
2 3
2 2
2 2
6 6
6 6
6 11
2 2
2 9
6 6
2 2
2 1
2 1
2 7
2 2
14 8
14 14
14 18
14 13
14 9
6 11
6 20
6 6
2 13
6 6
2 1
2 2
2 2
2 2
2 2
2 2
2 1
2 2
14 14
14 14
6 0
6 6
2 2
2 1
2 22
2 2
2 23
2 20
2 2
2 6
2 12
2 2
2 2
2 2
2 1
14 13
6 6
6 15
2 2
2 3
6 16
2 3
6 6
6 20
2 1
2 2
6 6
6 8
6 6
6 6
6 6
6 6
2 1
2 1
2 2
6 18
6 6
6 6
6 11
6 6
2 2
2 2
2 2
2 2
2 2
6 6
6 6
6 6
6 6
2 2
2 2
2 2
2 15
2 2
2 0
2 10
6 16
6 6
6 5
2 3
6 6
2 2
2 3
14 13
14 14
14 14
6 6
6 5
6 5
6 7
6 2
6 7
6 6
6 6
6 6
14 14
6 5
6 6
6 6
6 16
2 18
6 6
2 1
2 2
2 2
2 0
2 2
2 2
2 1
6 6
6 7
6 6
6 7
6 6
6 6
2 2
2 2
2 2
2 2
2 8
14 14
14 19
14 14
14 14
14 14
14 18
14 14
6 6
6 20
2 2
6 6
2 7
2 13
6 6
2 1
2 19
6 6
2 1
2 2
2 21
2 1
6 6
6 6
6 5
2 2
2 2
2 2
2 0
2 2
2 1
2 7
14 14
14 14
14 12
6 6
6 6
6 5
2 7
2 2
2 2
2 10
2 2
2 20
2 1
2 9
2 2
6 6
6 6
6 6
6 6
2 1
2 19
6 11
2 2
2 2
2 2
2 1
2 6
2 1
6 6
6 6
6 1
2 7
2 2
6 6
2 1
2 2
2 2
2 2
14 23
2 2
2 2
6 6
6 7
6 6
6 6
6 6
2 6
2 2
2 2
2 2
6 6
6 6
6 2
6 6
2 14
6 6
2 2
2 3
2 2
2 7
2 2
2 3
2 8
2 2
2 9
2 1
2 3
2 2
14 19
14 12
14 14
6 6
6 6
6 11
2 4
6 6
2 3
6 11
2 2
2 2
2 1
2 3
2 4
2 6
14 19
6 6
6 7
6 1
6 6
6 6
2 12
2 2
2 2
2 2
2 2
2 6
6 6
6 14
6 6
6 6
6 6
6 10
2 2
6 1
2 2
2 2
6 6
6 8
6 7
6 6
6 5
2 13
2 1
2 7
2 2
2 2
2 7
2 7
2 2
6 0
6 6
2 7
6 10
2 3
2 2
2 2
2 2
2 12
2 2
2 12
2 6
2 2
14 21
2 1
6 6
6 10
2 2
2 2
2 2
2 15
2 7
2 2
2 2
6 6
6 6
6 6
6 7
6 6
2 2
2 2
2 2
6 6
6 15
6 10
2 6
2 2
2 2
2 10
6 6
6 6
6 6
2 6
2 3
2 2
14 8
14 9
14 14
6 6
6 6
6 11
6 6
2 2
2 1
2 2
2 2
2 2
2 19
6 2
6 1
6 6
6 6
6 5
2 3
2 1
2 1
6 6
6 6
6 6
2 2
2 1
2 1
2 2
2 3
2 2
2 2
14 14
14 3
6 0
6 6
6 6
2 3
6 8
6 6
14 14
6 5
2 2
2 2
2 2
2 2
2 2
14 14
6 6
6 6
6 6
6 6
2 2
6 6
2 6
2 1
2 2
2 23
2 8
2 12
2 2
2 2
6 6
6 4
6 6
6 6
6 6
6 6
14 14
14 15
14 13
14 14
14 14
2 4
2 2
6 1
6 6
6 22
6 19
6 6
6 6
6 17
6 6
2 2
2 2
2 2
2 18
14 19
6 6
6 5
6 1
6 6
6 6
6 2
6 1
2 3
2 2
2 8
2 12
2 6
6 21
6 6
6 6
2 1
2 2
2 2
2 17
2 2
2 1
2 2
2 2
6 6
6 6
6 6
6 5
2 2
2 2
2 2
2 2
2 4
2 2
14 19
14 13
14 14
14 14
14 9
14 18
14 14
6 6
6 6
6 6
6 6
2 2
2 2
2 2
2 5
6 6
6 6
6 6
2 2
6 8
6 6
6 6
2 4
14 14
14 14
14 14
2 2
2 2
6 5
6 6
6 6
2 2
2 2
2 1
2 2
2 19
2 12
2 2
2 2
2 2
6 10
6 6
2 8
6 6
2 2
2 2
2 2
2 2
6 6
6 18
6 24
6 7
6 6
6 6
6 6
6 6
2 2
2 2
2 6
2 2
2 2
14 14
6 15
6 6
6 5
2 8
6 6
2 2
2 3
14 18
14 14
14 9
6 14
6 6
6 1
6 5
6 10
2 2
2 13
6 6
2 2
2 2
2 2
2 7
2 2
14 14
14 14
6 6
6 6
6 5
2 2
2 2
2 2
2 2
2 2
2 1
14 13
14 9
6 6
6 6
6 5
2 2
2 2
2 19
6 6
6 6
2 2
2 2
2 2
6 6
6 5
6 6
6 1
2 2
2 8
14 19
6 6
6 6
6 6
6 6
6 6
6 6
2 2
2 2
2 2
2 2
2 2
6 14
6 16
6 6
6 6
6 0
2 2
2 3
2 1
2 2
2 2
2 1
2 2
14 14
14 3
6 6
6 11
6 5
2 15
2 2
2 12
2 0
2 2
2 5
2 3
2 9
2 2
2 2
6 11
6 6
6 6
2 6
2 2
2 2
2 1
2 2
2 2
2 2
14 6
14 14
14 14
14 14
6 6
6 6
6 6
6 6
2 2
2 5
2 12
2 2
6 6
6 6
6 6
2 8
6 6
6 7
6 6
2 2
2 3
2 2
